23
24
19
7
25
30
25
18
26
15
10
11
20
20
23
23
17
20
20
20
12
23
21
18
11
14
24
17
28
14
8
26
20
23
11
28
14
26
13
28
18
25
31
19
21
30
28
20
31
17
18
5
12
19
17
28
10
12
7
23
14
21
22
25
12
15
11
17
12
24
19
13
27
16
19
28
16
13
23
18
24
28
20
10
24
17
13
17
18
17
23
20
22
10
23
22
25
25
28
9
22
15
18
20
20
15
21
16
17
16
14
20
2
15
24
10
14
21
14
16
16
22
16
18
26
18
15
14
17
28
15
21
20
12
23
18
22
15
23
24
23
15
13
19
18
16
20
20
6
21
23
24
21
18
23
21
22
20
8
18
21
22
30
19
14
20
25
15
19
7
20
10
28
12
26
31
27
28
23
20
22
27
13
17
27
8
11
16
21
25
11
19
24
16
19
23
19
12
18
21
21
21
24
19
26
13
25
18
14
20
13
10
15
22
18
14
18
21
27
20
23
23
12
25
22
13
23
20
20
9
15
20
14
28
20
29
18
25
18
25
25
15
16
14
21
20
18
23
25
13
23
17
19
27
10
12
27
16
18
24
16
16
20
23
10
14
16
22
26
23
21
16
12
17
16
14
21
20
13
27
21
29
25
26
9
11
18
18
20
27
11
12
9
13
25
19
23
21
21
22
27
20
10
24
18
22
26
20
20
20
9
23
21
17
21
24
18
21
13
20
18
14
26
12
23
19
7
24
18
12
14
15
26
20
25
28
13
21
17
26
16
16
20
24
26
23
10
24
22
20
22
23
18
16
19
23
21
17
21
21
11
18
22
26
26
18
24
19
27
10
7
11
14
22
12
26
17
13
18
25
15
14
16
5
18
25
24
25
17
19
18
16
20
21
32
26
10
11
18
23
