20
25
20
12
26
18
13
18
17
15
10
14
10
21
19
23
8
20
7
14
20
15
14
14
11
14
16
19
19
11
8
17
12
15
11
28
15
12
11
20
17
16
16
20
21
14
14
21
13
23
13
5
12
18
16
16
10
12
7
20
14
21
19
13
12
11
11
22
12
18
15
21
19
16
9
28
13
18
20
17
21
14
16
17
20
18
13
17
11
14
20
24
23
10
11
16
17
16
14
9
28
26
14
20
20
30
15
16
17
15
14
19
17
21
21
16
13
19
14
16
16
14
16
23
19
25
8
10
9
23
15
14
18
12
18
18
19
17
19
24
7
15
13
25
9
14
13
20
6
21
12
15
17
13
18
21
19
17
30
11
14
16
34
16
9
16
14
15
24
22
14
10
14
23
11
18
15
23
26
23
16
18
13
17
14
19
16
24
19
14
11
19
13
16
21
23
15
11
17
19
15
25
19
14
19
21
16
15
14
14
10
10
21
5
11
14
18
16
18
19
12
22
19
15
11
19
23
11
10
9
21
15
12
16
27
16
8
13
18
25
25
18
14
18
13
18
13
22
10
13
20
16
27
17
10
12
10
13
18
13
16
13
17
21
10
14
21
28
14
6
17
15
13
16
16
16
11
15
13
24
21
21
24
19
9
11
17
18
13
15
11
14
9
13
19
11
14
20
12
17
9
12
26
19
18
30
20
20
20
20
9
13
22
19
19
13
10
12
16
13
18
14
12
21
12
15
7
24
23
11
14
19
22
16
13
19
21
21
17
11
16
14
22
20
13
25
12
14
10
22
12
11
18
17
15
11
14
12
21
15
13
18
14
22
18
20
24
10
20
13
16
17
12
18
15
23
18
13
20
18
15
12
20
5
11
23
15
19
21
14
12
13
19
19
22
18
15
11
9
15
