23
24
14
7
29
21
25
18
22
15
10
11
20
24
17
23
17
16
16
20
12
27
29
18
11
14
20
17
26
19
8
12
15
24
14
28
14
26
16
22
18
25
29
19
21
28
28
20
28
17
17
5
12
19
17
24
10
12
7
16
22
20
22
25
12
11
11
17
12
24
19
13
22
16
19
25
10
13
25
22
19
28
23
10
27
21
23
17
18
17
23
23
23
18
25
22
23
15
33
9
22
15
18
25
20
19
22
16
25
16
14
20
2
18
24
10
14
21
14
16
16
20
16
14
23
27
15
15
25
20
15
18
20
12
23
18
22
15
23
28
23
15
13
19
18
16
20
20
6
21
23
22
21
18
19
20
22
20
8
18
21
29
18
19
14
20
25
15
24
7
8
10
28
23
11
31
21
26
30
22
22
27
13
17
26
21
11
16
27
20
11
16
24
26
26
22
19
12
18
21
21
16
20
24
27
13
19
18
14
20
13
10
23
23
17
9
18
21
22
20
23
23
12
19
19
13
18
20
20
29
15
20
14
28
20
21
18
21
12
25
25
16
25
14
21
20
26
23
25
13
20
17
19
17
10
12
25
25
16
18
16
16
19
27
10
14
16
23
26
17
22
16
24
17
16
14
17
23
18
32
17
22
16
26
9
11
18
18
23
19
22
19
9
13
25
19
23
22
14
18
25
20
10
20
24
29
28
20
20
20
9
23
24
17
29
24
20
21
13
20
18
14
20
12
30
19
7
24
24
12
14
19
16
20
16
19
21
21
17
26
16
16
20
22
26
23
12
24
22
26
22
23
18
16
19
21
13
12
21
21
11
20
22
26
22
18
24
16
17
10
28
11
23
20
12
16
18
13
18
28
15
14
29
5
18
23
26
25
17
26
18
16
18
20
27
25
15
11
17
23
